-9.900500000000178602e-02 -8.469264183552720551e-03
-9.800500000000056389e-02 -7.233365308023559197e-03
-9.700499999999934175e-02 -7.645771761559011157e-03
-9.600500000000167233e-02 -7.643930144980036825e-03
-9.500399999999942224e-02 -8.055660871860517019e-03
-9.400400000000175282e-02 -6.408727944940723238e-03
-9.300400000000053069e-02 -7.439172865458745440e-03
-9.200399999999930856e-02 -6.613979090463417872e-03
-9.100400000000163914e-02 -7.233294619616859045e-03
-9.000400000000041700e-02 -8.057484878048462237e-03
-8.900400000000274758e-02 -8.675237313923184895e-03
-8.800400000000152545e-02 -7.645136873416164339e-03
-8.700400000000030332e-02 -6.614845516493305863e-03
-8.600400000000263390e-02 -7.645019125719638986e-03
-8.500400000000141176e-02 -8.262676502002798753e-03
-8.400400000000018963e-02 -7.027491461139781168e-03
-8.300400000000252021e-02 -7.850544885049756672e-03
-8.200400000000129808e-02 -7.644774640835974577e-03
-8.100400000000007594e-02 -6.615164647289681690e-03
-8.000400000000240652e-02 -7.644309335339646849e-03
-7.900400000000118439e-02 -8.675080788760213338e-03
-7.800399999999996226e-02 -7.850841387376064281e-03
-7.700400000000229284e-02 -7.027375880221295792e-03
-7.600400000000107070e-02 -7.644561210190077387e-03
-7.500300000000237333e-02 -7.438835294159314507e-03
-7.400300000000115119e-02 -7.233068575236251477e-03
-7.300299999999992906e-02 -6.820786031893333150e-03
-7.200300000000225964e-02 -8.882280306076909687e-03
-7.100300000000103751e-02 -7.439057848869026941e-03
-7.000299999999981537e-02 -7.644631898596779274e-03
-6.900300000000214595e-02 -8.262944169642370829e-03
-6.800300000000092382e-02 -8.676074419812355651e-03
-6.700299999999970169e-02 -8.262597339260215404e-03
-6.600300000000203227e-02 -6.820636896697126854e-03
-6.500300000000081013e-02 -9.087127377184247776e-03
-6.400299999999958800e-02 -7.232272837613062770e-03
-6.300300000000191858e-02 -7.233573876438271003e-03
-6.200300000000069645e-02 -7.851588366766503943e-03
-6.100299999999947431e-02 -8.675080788760213338e-03
-6.000300000000180489e-02 -7.232437176764297190e-03
-5.900300000000058276e-02 -8.880451611383356411e-03
-5.800299999999936063e-02 -8.262643930714925339e-03
-5.700300000000169121e-02 -7.026556045646115134e-03
-5.600300000000046907e-02 -7.439323757879567553e-03
-5.500200000000177170e-02 -7.233458394439326589e-03
-5.400200000000054956e-02 -8.469744833284711602e-03
-5.300199999999932743e-02 -7.439323757879567553e-03
-5.200200000000165801e-02 -8.262248553410438817e-03
-5.100200000000043588e-02 -7.439128537275728828e-03
-5.000200000000276646e-02 -8.262498694743039204e-03
-4.900200000000154432e-02 -7.233192485428786844e-03
-4.800200000000032219e-02 -7.644025494667494938e-03
-4.700200000000265277e-02 -8.056907616301695746e-03
-4.600200000000143064e-02 -6.614845516493305863e-03
-4.500200000000020850e-02 -7.438468633180164713e-03
-4.400200000000253908e-02 -7.439804828259466603e-03
-4.300200000000131695e-02 -7.851241978155766577e-03
-4.200200000000009481e-02 -7.851898037908477956e-03
-4.100200000000242539e-02 -8.264072559598384035e-03
-4.000200000000120326e-02 -5.997542105566086926e-03
-3.900199999999998113e-02 -7.645000685216581278e-03
-3.800200000000231171e-02 -6.821041312060407806e-03
-3.700200000000108957e-02 -8.057558117952997451e-03
-3.600199999999986744e-02 -7.027422471676004860e-03
-3.500100000000117006e-02 -8.057302837785922794e-03
-3.400099999999994793e-02 -7.850841387376064281e-03
-3.300100000000227851e-02 -7.439079779042978915e-03
-3.200100000000105638e-02 -7.027677751843078649e-03
-3.100099999999983424e-02 -7.645105072962834689e-03
-3.000100000000216482e-02 -7.644025494667494938e-03
-2.900100000000094269e-02 -7.232791705843150121e-03
-2.800099999999972056e-02 -7.645694288651698652e-03
-2.700100000000205114e-02 -7.851406308914846838e-03
-2.600100000000082900e-02 -8.057351596018672707e-03
-2.500099999999960687e-02 -8.674586247943115447e-03
-2.400100000000193745e-02 -7.851068396293832061e-03
-2.300100000000071532e-02 -8.262627743770050576e-03
-2.200099999999949318e-02 -7.439111224824349229e-03
-2.100100000000182376e-02 -8.263468228843192168e-03
-2.000100000000060163e-02 -7.644701785651232713e-03
-1.900099999999937950e-02 -5.790571153062078202e-03
-1.800100000000171008e-02 -8.262627743770050576e-03
-1.700100000000048794e-02 -7.439404048673828145e-03
-1.600099999999926581e-02 -7.850936737063524129e-03
-1.500000000000056843e-02 -8.262471108120152119e-03
-1.399999999999934630e-02 -7.233192485428786844e-03
-1.300000000000167688e-02 -5.584046671291031071e-03
-1.200000000000045475e-02 -7.027548702816068145e-03
-1.099999999999923261e-02 -7.851510893859190571e-03
-1.000000000000156319e-02 -6.615520679425365529e-03
-9.000000000000341061e-03 -7.851588366766502208e-03
-8.000000000002671641e-03 -7.233068575236251477e-03
-7.000000000001449507e-03 -7.645071373623283165e-03
-6.000000000000227374e-03 -6.820610758542289265e-03
-5.000000000002557954e-03 -6.615038416149618405e-03
-4.000000000001335820e-03 -7.233674979165533210e-03
-3.000000000000113687e-03 -6.409268402396836421e-03
-2.000000000002444267e-03 -8.674465673251986406e-03
-1.000000000001222134e-03 -7.026722083740275134e-03
0.000000000000000000e+00 -8.469580609425042539e-03
9.999999999976694198e-04 -6.410234600423564064e-03
1.999999999998891553e-03 -7.439181913231051116e-03
3.000000000000113687e-03 -7.851381557106702075e-03
3.999999999997783107e-03 -6.821180989930885133e-03
5.001000000000033197e-03 -7.438744604982586335e-03
6.000999999997702616e-03 -7.644725882603224665e-03
7.000999999998924750e-03 -5.996722270990907135e-03
8.001000000000146883e-03 -1.466630407997354018e-03
9.000999999997816303e-03 6.765592441636963938e-03
1.000099999999903844e-02 2.054335168177804510e-02
1.100100000000026057e-02 3.657481039474871215e-02
1.200099999999792999e-02 5.301651027656871518e-02
1.300099999999915212e-02 8.245225199487611623e-02
1.400100000000037426e-02 1.304986267717814508e-01
1.500099999999804368e-02 1.944711555694381144e-01
1.600099999999926581e-02 2.461000347682001654e-01
1.700100000000048794e-02 2.846897664230184088e-01
1.800099999999815736e-02 3.053184988014558399e-01
1.900099999999937950e-02 2.960664272204620029e-01
2.000100000000060163e-02 2.906683877280559214e-01
2.100099999999827105e-02 3.001230480312112592e-01
2.200099999999949318e-02 3.313978446870922689e-01
2.300100000000071532e-02 3.696475333563572496e-01
2.400099999999838474e-02 4.071604375621180050e-01
2.500200000000063483e-02 4.297185433631786067e-01
2.600199999999830425e-02 4.299502429604912801e-01
2.700199999999952638e-02 4.311912110841537027e-01
2.800200000000074851e-02 4.314382296430538943e-01
2.900199999999841793e-02 4.314407611133644349e-01
3.000199999999964007e-02 4.217952419229314964e-01
3.100199999999730949e-02 4.117095163107676870e-01
3.200199999999853162e-02 4.156300478107977092e-01
3.300199999999975375e-02 3.949592412155670251e-01
3.400199999999742317e-02 3.788787574970853278e-01
3.500199999999864531e-02 3.552500041651147078e-01
3.600199999999986744e-02 3.306400669220268540e-01
3.700199999999753686e-02 2.967603735811189525e-01
3.800199999999875899e-02 2.706444793635329193e-01
3.900199999999998113e-02 2.552141988839181641e-01
4.000199999999765055e-02 2.444987590288526802e-01
4.100199999999887268e-02 2.334181695265436784e-01
4.200200000000009481e-02 2.189531813801998683e-01
4.300199999999776423e-02 2.069382075247332975e-01
4.400199999999898637e-02 1.909546307471113036e-01
4.500299999999768374e-02 1.765519480456675394e-01
4.600299999999890588e-02 1.563546169012791087e-01
4.700300000000012801e-02 1.379589273694480644e-01
4.800299999999779743e-02 1.192439549091049295e-01
4.900299999999901956e-02 1.037090746394993684e-01
5.000300000000024170e-02 8.904523829567320692e-02
5.100299999999791112e-02 7.811840980639843390e-02
5.200299999999913325e-02 6.741286345793062740e-02
5.300300000000035539e-02 5.897749017249620529e-02
5.400299999999802480e-02 5.301642151742793491e-02
5.500299999999924694e-02 4.849378695881157580e-02
5.600300000000046907e-02 4.561622898861898701e-02
5.700299999999813849e-02 4.027411993984842536e-02
5.800299999999936063e-02 3.616342020352859149e-02
5.900300000000058276e-02 3.328636421293015152e-02
6.000299999999825218e-02 3.102609505388972955e-02
6.100299999999947431e-02 2.835422772431452423e-02
6.200300000000069645e-02 2.732749756585452564e-02
6.300299999999836587e-02 2.383227109036135244e-02
6.400299999999958800e-02 2.013296572297491177e-02
6.500399999999828538e-02 2.013131041459053500e-02
6.600399999999950751e-02 1.889967490080991103e-02
6.700400000000072964e-02 1.622592947674636465e-02
6.800399999999839906e-02 1.499250307474609897e-02
6.900399999999962120e-02 1.519793331823773505e-02
7.000399999999729062e-02 1.416985760042444378e-02
7.100399999999851275e-02 1.437603935044017359e-02
7.200399999999973488e-02 1.190798339673924434e-02
7.300399999999740430e-02 1.108583290140111727e-02
7.400399999999862644e-02 9.233888463799921204e-03
7.500399999999984857e-02 1.067506294506065899e-02
7.600399999999751799e-02 1.231969398470206430e-02
7.700399999999874012e-02 9.645516585318415076e-03
7.800399999999996226e-02 7.999723009460682488e-03
7.900399999999763168e-02 7.794220696155237764e-03
8.000399999999885381e-02 7.384035536995028903e-03
8.100400000000007594e-02 7.793149731727827718e-03
8.200399999999774536e-02 7.176740610357572672e-03
8.300399999999896750e-02 5.942250261516891958e-03
8.400400000000018963e-02 4.914615774351363195e-03
8.500499999999888701e-02 6.971964699434235122e-03
8.600500000000010914e-02 5.531402776673621617e-03
8.700499999999777856e-02 4.501753064477575887e-03
8.800499999999900069e-02 2.856893081343123749e-03
8.900500000000022283e-02 3.474483579738036655e-03
9.000499999999789225e-02 1.416634197436757864e-03
9.100499999999911438e-02 2.444855067977035577e-03
9.200500000000033651e-02 2.650268469816691955e-03
9.300499999999800593e-02 2.445623947098489979e-03
9.400499999999922807e-02 3.873044531542517432e-04
9.500500000000045020e-02 7.977339933377500681e-04
9.600499999999811962e-02 7.976908981894396955e-04
9.700499999999934175e-02 7.983803308093471562e-04
9.800500000000056389e-02 1.828672210802846036e-03
9.900499999999823331e-02 5.931746978378095881e-04
1.000049999999994554e-01 1.805129773610129993e-04
1.010050000000006776e-01 -4.371171821556891829e-04
1.020049999999983470e-01 -8.483408585509361272e-04
1.030049999999995691e-01 5.931337932364978910e-04
1.040049999999972385e-01 1.815539952447882356e-04
1.050059999999994886e-01 -8.494827310898303129e-04
1.060060000000007108e-01 -1.466607012442190704e-03
1.070059999999983802e-01 -2.304459726012161923e-04
1.080059999999996023e-01 3.873884529038737587e-04
1.090059999999972717e-01 3.873044531542517432e-04
1.100059999999984939e-01 -6.428429666449949741e-04
1.110059999999997160e-01 -3.319630052696706003e-03
1.120059999999973854e-01 -3.112950517765724571e-03
1.130059999999986076e-01 -2.290268587482528154e-03
1.140059999999998297e-01 -2.082762193365166048e-03
1.150059999999974991e-01 -4.348627257852107596e-03
1.160059999999987213e-01 -3.524643330842048249e-03
1.170059999999999434e-01 -3.731082755790483298e-03
1.180059999999976128e-01 -3.937924933961516397e-03
1.190059999999988349e-01 -2.908331836043511007e-03
1.200060000000000571e-01 -2.496795336842749010e-03
1.210059999999977265e-01 -3.113930162522865388e-03
1.220059999999989486e-01 -3.731309758072746431e-03
1.230060000000001708e-01 -5.173369008681197832e-03
1.240059999999978402e-01 -2.700741079064507971e-03
1.250070000000000903e-01 -3.319012994959743591e-03
1.260069999999977597e-01 -2.701629903103463202e-03
1.270069999999989818e-01 -3.936876962988907977e-03
1.280070000000002040e-01 -4.142577987277914521e-03
1.290069999999978734e-01 -3.114017486934651628e-03
1.300069999999990955e-01 -3.114038750828552506e-03
1.310070000000003176e-01 -2.702409036719968880e-03
1.320069999999979871e-01 -3.113973257671175977e-03
1.330069999999992092e-01 -3.730193931751527633e-03
1.340070000000004313e-01 -3.935919149486177306e-03
1.350069999999981007e-01 -3.731060357781416925e-03
1.360069999999993229e-01 -4.142646976741689961e-03
1.370070000000005450e-01 -4.966641748180341404e-03
1.380069999999982144e-01 -4.554257692653954949e-03
1.390069999999994366e-01 -4.555420011510340553e-03
1.400070000000006587e-01 -4.349398334194538342e-03
1.410069999999983281e-01 -3.319608788802805126e-03
1.420069999999995503e-01 -5.584071332571789031e-03
1.430069999999972197e-01 -5.790707772354459874e-03
1.440069999999984418e-01 -4.555211443095630482e-03
1.450080000000006919e-01 -5.378135280724847048e-03
1.460079999999983613e-01 -6.202461460966919408e-03
1.470079999999995835e-01 -4.966641748180341404e-03
1.480079999999972529e-01 -6.409704074217874477e-03
1.490079999999984750e-01 -5.584259768675015403e-03
1.500079999999996971e-01 -6.614771533256886757e-03
1.510079999999973666e-01 -3.732127326950344416e-03
1.520079999999985887e-01 -6.821312623352099487e-03
1.530079999999998108e-01 -4.966759495876866756e-03
1.540079999999974802e-01 -5.996551769343660965e-03
1.550079999999987024e-01 -6.407580973068399688e-03
1.560079999999999245e-01 -5.171761260281821683e-03
1.570079999999975939e-01 -5.378488520782678112e-03
1.580079999999988161e-01 -6.201667986615423157e-03
1.590080000000000382e-01 -7.027548702816068145e-03
1.600079999999977076e-01 -7.027351783269302973e-03
1.610079999999989298e-01 -7.026478726908288834e-03
1.620080000000001519e-01 -7.232248740661070818e-03
1.630079999999978213e-01 -5.378228367140614440e-03
1.640079999999990434e-01 -5.584145315808208138e-03
1.650089999999977408e-01 -6.821581769516521856e-03
1.660089999999989629e-01 -6.614914505957081303e-03
1.670090000000001851e-01 -5.791550004938706038e-03
1.680089999999978545e-01 -5.171761260281821683e-03
1.690089999999990766e-01 -7.027593595327852501e-03
1.700090000000002988e-01 -6.408138388303934001e-03
1.710089999999979682e-01 -6.614914505957081303e-03
1.720089999999991903e-01 -6.408135093474215047e-03
1.730090000000004125e-01 -4.761255486422096873e-03
1.740089999999980819e-01 -4.761223275542464904e-03
1.750089999999993040e-01 -6.615259996977140670e-03
1.760090000000005261e-01 -6.820903779589859370e-03
1.770089999999981956e-01 -4.143762803062908326e-03
1.780089999999994177e-01 -4.967180188331201188e-03
1.790090000000006398e-01 -6.202492284743689119e-03
1.800089999999983092e-01 -5.995685343313772106e-03
1.810089999999995314e-01 -5.585201499627998403e-03
1.820090000000007535e-01 -6.820881381580792997e-03
1.830089999999984229e-01 -4.348992005586838593e-03
1.840089999999996451e-01 -5.378559209189379131e-03
1.850099999999983424e-01 -5.379388036286918487e-03
1.860099999999995646e-01 -5.586180789945151444e-03
1.870099999999972340e-01 -7.438339584153153342e-03
1.880099999999984561e-01 -7.232344090348530666e-03
1.890099999999996783e-01 -6.408138388303934001e-03
1.900099999999973477e-01 -7.439009090636277896e-03
1.910099999999985698e-01 -6.202818253317463927e-03
1.920099999999997920e-01 -7.439111224824349229e-03
1.930099999999974614e-01 -8.469239522271961723e-03
1.940099999999986835e-01 -6.615271298307625822e-03
1.950099999999999056e-01 -6.203507339922706768e-03
1.960099999999975751e-01 -7.850841387376064281e-03
1.970099999999987972e-01 -7.851588366766503943e-03
1.980100000000000193e-01 -7.234114454192037968e-03
1.990099999999976887e-01 -6.614898738279141946e-03
2.000099999999989109e-01 -7.027631160388370449e-03
2.010100000000001330e-01 -6.203065467657163656e-03
2.020099999999978024e-01 -7.026406910449908838e-03
2.030099999999990246e-01 -8.674951739733201966e-03
2.040100000000002467e-01 -7.232594231681129318e-03
2.050109999999989441e-01 -6.614771533256886757e-03
2.060110000000001662e-01 -7.232198854376642796e-03
2.070109999999978356e-01 -7.027491461139781168e-03
2.080109999999990578e-01 -7.644948437312937099e-03
2.090110000000002799e-01 -7.851534990811181655e-03
2.100109999999979493e-01 -8.469008903385647630e-03
2.110109999999991715e-01 -6.202368374551152017e-03
2.120110000000003936e-01 -7.439804828259466603e-03
2.130109999999980630e-01 -7.851637124999252121e-03
2.140109999999992851e-01 -7.027478014409366258e-03
2.150110000000005073e-01 -7.438859955440071600e-03
2.160109999999981767e-01 -6.820541547009668741e-03
2.170109999999993988e-01 -7.233287835116244957e-03
2.180110000000006210e-01 -6.615765164309031672e-03
2.190109999999982904e-01 -5.584960156610744263e-03
2.200109999999995125e-01 -8.056333303685773300e-03
2.210110000000007346e-01 -5.789794754869861081e-03
2.220109999999984041e-01 -5.997317851913448045e-03
2.230109999999996262e-01 -6.614722775024136844e-03
2.240109999999972956e-01 -6.408884239642695553e-03
2.250119999999995457e-01 -7.232319429067770970e-03
2.260120000000007678e-01 -7.027227873076767606e-03
2.270119999999984373e-01 -5.789984319024765562e-03
2.280119999999996594e-01 -5.172696675775486849e-03
2.290119999999973288e-01 -6.203274036071874595e-03
2.300119999999985509e-01 -7.233043350232580548e-03
2.310119999999997731e-01 -6.203312119318868043e-03
2.320119999999974425e-01 -5.997655324293338017e-03
2.330119999999986646e-01 -6.613208014120986258e-03
2.340119999999998868e-01 -6.201501948521263158e-03
2.350119999999975562e-01 -5.996477786107241859e-03
2.360119999999987783e-01 -6.820104706465263469e-03
2.370120000000000005e-01 -7.026920599173832813e-03
2.380119999999976699e-01 -5.997178174042971585e-03
2.390119999999988920e-01 -5.173254091011021162e-03
2.400120000000001141e-01 -7.644849792795760032e-03
2.410119999999977836e-01 -5.790850745054655288e-03
2.420119999999990057e-01 -5.379143551403253211e-03
2.430120000000002278e-01 -6.821888418119642986e-03
2.440119999999978972e-01 -5.585261142129426502e-03
2.450130000000001473e-01 -5.997248862449672605e-03
2.460129999999978168e-01 -5.378367946091549071e-03
2.470129999999990389e-01 -6.821535178061813656e-03
2.480130000000002610e-01 -4.142922737256702140e-03
2.490129999999979304e-01 -5.378375302055426153e-03
2.500129999999991526e-01 -6.820590305242418654e-03
2.510130000000003747e-01 -6.615718572854320870e-03
2.520129999999980441e-01 -7.026432135453579766e-03
2.530129999999992663e-01 -7.438811197207323422e-03
2.540130000000004884e-01 -5.584167713817274510e-03
2.550129999999981578e-01 -5.585596876932484925e-03
2.560129999999993800e-01 -6.614821419541313911e-03
2.570130000000006021e-01 -6.613905107226997031e-03
2.580129999999982715e-01 -6.615765164309031672e-03
2.590129999999994936e-01 -7.026478726908288834e-03
2.600130000000007158e-01 -5.378397700064492526e-03
2.610129999999983852e-01 -6.202321783096442949e-03
2.620129999999996073e-01 -6.820841574626696283e-03
2.630129999999972767e-01 -6.820681224880146068e-03
2.640129999999984989e-01 -5.379843939338982070e-03
2.650140000000007490e-01 -5.791950803697933428e-03
2.660139999999984184e-01 -6.202368374551152017e-03
2.670139999999996405e-01 -6.821708000656584274e-03
2.680139999999973099e-01 -6.409082133071650027e-03
2.690139999999985321e-01 -4.966207364542623778e-03
2.700139999999997542e-01 -6.409128724526359962e-03
2.710139999999974236e-01 -7.645000685216582145e-03
2.720139999999986458e-01 -4.760265462039734233e-03
2.730139999999998679e-01 -5.996477786107241859e-03
2.740139999999975373e-01 -6.202414966005861952e-03
2.750139999999987594e-01 -6.408930831097403753e-03
2.760139999999999816e-01 -5.173483260071323406e-03
2.770139999999976510e-01 -6.408588267070245044e-03
2.780139999999988731e-01 -7.028136022363916206e-03
2.790140000000000953e-01 -6.204427945640087275e-03
2.800139999999977647e-01 -6.410108369283501646e-03
2.810139999999989868e-01 -4.760144887348605192e-03
2.820140000000002090e-01 -4.143976365250262930e-03
2.830139999999978784e-01 -6.615016018140551166e-03
2.840139999999991005e-01 -5.791031155882208487e-03
2.850149999999977979e-01 -5.789816685043813055e-03
2.860149999999990200e-01 -4.968413634254271148e-03
2.870150000000002422e-01 -5.790707772354459874e-03
2.880149999999979116e-01 -7.026811325813189790e-03
2.890149999999991337e-01 -5.790055007431466581e-03
2.900150000000003558e-01 -7.027422471676004860e-03
2.910149999999980253e-01 -7.233239076883496779e-03
2.920149999999992474e-01 -5.585053243026511655e-03
2.930150000000004695e-01 -5.378488520782678112e-03
2.940149999999981389e-01 -5.996620758807436405e-03
2.950149999999993611e-01 -6.202368374551152017e-03
2.960150000000005832e-01 -6.408332986903171255e-03
2.970149999999982526e-01 -6.615765164309031672e-03
2.980149999999994748e-01 -6.202414966005861952e-03
2.990150000000006969e-01 -7.027153889840348500e-03
3.000149999999983663e-01 -5.791838719085846965e-03
3.010149999999995885e-01 -6.408906169816647527e-03
3.020149999999972579e-01 -6.202931472044715885e-03
3.030149999999984800e-01 -6.408262298496470236e-03
3.040149999999997021e-01 -5.379299865278815325e-03
3.050159999999983995e-01 -5.996620758807436405e-03
3.060159999999996217e-01 -6.821337284632857448e-03
3.070159999999972911e-01 -6.409655315985124564e-03
3.080159999999985132e-01 -7.644849792795760032e-03
3.090159999999997353e-01 -6.203257198590108115e-03
3.100159999999974048e-01 -6.408906169816647527e-03
3.110159999999986269e-01 -6.408884239642695553e-03
3.120159999999998490e-01 -7.027524605864077061e-03
3.130159999999975184e-01 -6.614914505957081303e-03
3.140159999999987406e-01 -6.820541547009668741e-03
3.150159999999999627e-01 -6.408138388303934001e-03
3.160159999999976321e-01 -5.790659014121710829e-03
3.170159999999988543e-01 -7.026406910449908838e-03
3.180160000000000764e-01 -7.438933938676490706e-03
3.190159999999977458e-01 -6.408906169816647527e-03
3.200159999999989680e-01 -5.996617463977718318e-03
3.210160000000001901e-01 -7.644725882603224665e-03
3.220159999999978595e-01 -7.027129228559590539e-03
3.230159999999990816e-01 -6.202413837954183842e-03
3.240160000000003038e-01 -6.409237479700524882e-03
3.250169999999990011e-01 -6.614318925034540393e-03
3.260170000000002233e-01 -5.584093730580855404e-03
3.270169999999978927e-01 -5.379024104763803146e-03
3.280169999999991148e-01 -5.379187780666728862e-03
3.290170000000003370e-01 -5.173254091011021162e-03
3.300169999999980064e-01 -5.172507111620582368e-03
3.310169999999992285e-01 -6.614121031605585052e-03
3.320170000000004507e-01 -7.233434297487334637e-03
3.330169999999981201e-01 -6.408255668165344088e-03
3.340169999999993422e-01 -5.791477149753965041e-03
3.350170000000005643e-01 -5.172740905038962500e-03
3.360169999999982338e-01 -5.379094793170504166e-03
3.370169999999994559e-01 -7.026432135453579766e-03
3.380170000000006780e-01 -6.203018876202453721e-03
3.390169999999983474e-01 -6.202562973150390138e-03
3.400169999999995696e-01 -7.439877683444206732e-03
3.410169999999972390e-01 -6.409197713990136269e-03
3.420169999999984611e-01 -6.408064405067514895e-03
3.430169999999996833e-01 -6.613905107226997031e-03
3.440169999999973527e-01 -5.997317851913448045e-03
3.450179999999996028e-01 -6.614724941802177689e-03
3.460179999999972722e-01 -5.172734113902845501e-03
3.470179999999984943e-01 -6.821361381584847665e-03
3.480179999999997165e-01 -5.996524377561951794e-03
3.490179999999973859e-01 -6.408088502019506846e-03
3.500179999999986080e-01 -6.407317425677075233e-03
3.510179999999998302e-01 -6.819795695670908056e-03
3.520179999999974996e-01 -5.584842408914219777e-03
3.530179999999987217e-01 -5.997726012700039036e-03
3.540179999999999438e-01 -6.615224706852916754e-03
3.550179999999976133e-01 -5.584818311962227826e-03
3.560179999999988354e-01 -7.439057848869026941e-03
3.570180000000000575e-01 -5.789984319024765562e-03
3.580179999999977269e-01 -6.408930831097403753e-03
3.590179999999989491e-01 -6.408184979758643936e-03
3.600180000000001712e-01 -6.410017548565315193e-03
3.610179999999978406e-01 -6.408975159280422100e-03
3.620179999999990628e-01 -6.408954928049395705e-03
3.630180000000002849e-01 -6.409477091109200275e-03
3.640179999999979543e-01 -5.584795817459509842e-03
3.650190000000002044e-01 -7.233117333468999655e-03
3.660189999999978738e-01 -5.791640825656891624e-03
3.670189999999990960e-01 -5.996667350262146340e-03
3.680190000000003181e-01 -5.378254727364297980e-03
3.690189999999979875e-01 -6.202625800118153829e-03
3.700189999999992096e-01 -7.026728868240889221e-03
3.710190000000004318e-01 -5.996477786107241859e-03
3.720189999999981012e-01 -4.761028048303121533e-03
3.730189999999993233e-01 -5.790905665783415215e-03
3.740190000000005455e-01 -4.966210659372341865e-03
3.750189999999982149e-01 -5.379384894420507351e-03
3.760189999999994370e-01 -6.203312119318868043e-03
3.770190000000006592e-01 -5.791640825656891624e-03
3.780189999999983286e-01 -5.584167713817274510e-03
3.790189999999995507e-01 -5.379139022433979817e-03
3.800189999999972201e-01 -5.378301318819007047e-03
3.810189999999984423e-01 -5.378444291519202461e-03
3.820189999999996644e-01 -6.614774828086605711e-03
3.830189999999973338e-01 -6.615718572854320870e-03
3.840189999999985559e-01 -5.379373848515234431e-03
3.850199999999972533e-01 -5.379185613888689751e-03
3.860199999999984755e-01 -5.172458353387832455e-03
3.870199999999996976e-01 -5.380433174201435832e-03
3.880199999999973670e-01 -5.585227039503475911e-03
3.890199999999985891e-01 -5.173278187963012247e-03
3.900199999999998113e-01 -5.585248870757885190e-03
3.910199999999974807e-01 -5.378397700064492526e-03
3.920199999999987028e-01 -6.409188721467775837e-03
3.930199999999999250e-01 -6.410017548565315193e-03
3.940199999999975944e-01 -5.789961921015699189e-03
3.950199999999988165e-01 -6.821708000656584274e-03
3.960200000000000387e-01 -5.378441929327968177e-03
3.970199999999977081e-01 -5.997964328452188784e-03
3.980199999999989302e-01 -5.379308355357857903e-03
3.990200000000001523e-01 -6.203089564609154741e-03
4.000199999999978218e-01 -5.172847099155013575e-03
4.010199999999990439e-01 -5.586396878126289114e-03
4.020200000000002660e-01 -6.203484941913641262e-03
4.030199999999979354e-01 -5.791067741662958915e-03
4.040199999999991576e-01 -6.614955440390840602e-03
4.050209999999978550e-01 -4.761711701314223777e-03
4.060209999999990771e-01 -6.203158554072931048e-03
4.070210000000002992e-01 -5.996675679536197200e-03
4.080209999999979686e-01 -4.966846820288652563e-03
4.090209999999991908e-01 -6.203249374791116634e-03
4.100210000000004129e-01 -4.965775322150452545e-03
4.110209999999980823e-01 -5.378159377676838999e-03
4.120209999999993045e-01 -6.202436235963249347e-03
4.130210000000005266e-01 -6.409073803797599167e-03
4.140209999999981960e-01 -6.203484200872371249e-03
4.150209999999994182e-01 -5.173574179709051687e-03
4.160210000000006403e-01 -5.584071332571789031e-03
4.170209999999983097e-01 -6.408088502019506846e-03
4.180209999999995318e-01 -4.965752924141386172e-03
4.190210000000007540e-01 -6.821535178061813656e-03
4.200209999999984234e-01 -5.997224765497680653e-03
4.210209999999996455e-01 -5.790850745054655288e-03
4.220209999999973149e-01 -4.966502070309864944e-03
4.230209999999985371e-01 -4.760871734427559419e-03
4.240209999999997592e-01 -3.936807973525132537e-03
4.250219999999984566e-01 -5.378277125373363485e-03
4.260219999999996787e-01 -5.996735676477613942e-03
4.270219999999973481e-01 -5.996661693241194836e-03
4.280219999999985703e-01 -5.996667350262146340e-03
4.290219999999997924e-01 -7.027153889840348500e-03
4.300219999999974618e-01 -6.408326824407159505e-03
4.310219999999986840e-01 -5.996757042928653816e-03
4.320219999999999061e-01 -4.760342001102383681e-03
4.330219999999975755e-01 -5.791005930878538425e-03
4.340219999999987976e-01 -5.789816685043813055e-03
4.350220000000000198e-01 -4.760243630785324087e-03
4.360219999999976892e-01 -6.408835481409945641e-03
4.370219999999989113e-01 -5.378394405234774439e-03
4.380220000000001335e-01 -4.967506475267305550e-03
4.390219999999978029e-01 -5.378159377676838999e-03
4.400219999999990250e-01 -6.614096370324827959e-03
4.410220000000002472e-01 -4.966732568898526989e-03
4.420219999999979166e-01 -6.203372116260284785e-03
4.430219999999991387e-01 -5.378254727364297980e-03
4.440220000000003608e-01 -5.584024741117079096e-03
4.450229999999990582e-01 -5.585075074280921800e-03
4.460230000000002804e-01 -5.378323716828073420e-03
4.470229999999979498e-01 -6.614074440150875984e-03
4.480229999999991719e-01 -6.202365079721433930e-03
4.490230000000003940e-01 -6.203018876202453721e-03
4.500229999999980635e-01 -5.996548474513942878e-03
4.510229999999992856e-01 -5.997297620682421650e-03
4.520230000000005077e-01 -5.790683111073701914e-03
4.530229999999981771e-01 -5.995777398171512132e-03
4.540229999999993993e-01 -5.172318675517355996e-03
4.550230000000006214e-01 -6.409097900749591119e-03
4.560229999999982908e-01 -5.996744668999973507e-03
4.570229999999995130e-01 -7.233044478284258658e-03
4.580230000000007351e-01 -5.790681412130777202e-03
4.590229999999984045e-01 -5.379420439969943499e-03
4.600229999999996267e-01 -5.172272084062646061e-03
4.610229999999972961e-01 -5.379048201715794231e-03
4.620229999999985182e-01 -4.760915963691035938e-03
4.630229999999997403e-01 -5.172502582651308974e-03
4.640229999999974098e-01 -5.791361568835479666e-03
4.650239999999996598e-01 -5.996477786107241859e-03
4.660239999999973293e-01 -6.614724941802177689e-03
4.670239999999985514e-01 -6.409175315981069029e-03
4.680239999999997735e-01 -6.201752089853862678e-03
4.690239999999974430e-01 -5.172854688593973675e-03
4.700239999999986651e-01 -5.585341957173652581e-03
4.710239999999998872e-01 -6.202199041627274798e-03
4.720239999999975566e-01 -4.966013644538106071e-03
4.730239999999987788e-01 -4.555031032268076416e-03
4.740240000000000009e-01 -7.027606378809958705e-03
4.750239999999976703e-01 -4.966846820288652563e-03
4.760239999999988925e-01 -3.731362012611894822e-03
4.770240000000001146e-01 -3.113371210220059436e-03
4.780239999999977840e-01 -4.143693813599132886e-03
4.790239999999990061e-01 -4.555438881214604954e-03
4.800240000000002283e-01 -5.379048201715794231e-03
4.810239999999978977e-01 -4.555390122981855909e-03
4.820239999999991198e-01 -5.171618287581626269e-03
4.830240000000003420e-01 -4.554517846296018621e-03
4.840239999999980114e-01 -4.967552403473706781e-03
4.850250000000002615e-01 -6.408958222879112925e-03
4.860249999999979309e-01 -5.996477786107241859e-03
4.870249999999991530e-01 -5.584093730580855404e-03
4.880250000000003752e-01 -4.761711701314223777e-03
4.890249999999980446e-01 -5.585140567438298329e-03
4.900249999999992667e-01 -6.409188721467775837e-03
4.910250000000004889e-01 -4.761080302842270358e-03
4.920249999999981583e-01 -5.996667350262146340e-03
4.930249999999993804e-01 -5.790850745054655288e-03
4.940250000000006025e-01 -5.378323716828073420e-03
4.950249999999982720e-01 -6.615949071442983782e-03
4.960249999999994941e-01 -5.790820991081711833e-03
4.970250000000007162e-01 -5.995731934768481174e-03
4.980249999999983856e-01 -6.203067634435203634e-03
4.990249999999996078e-01 -4.760144887348605192e-03
