-9.900400000000075806e-02 -3.320284690232572222e-03
-9.800399999999953593e-02 -2.907689087633720353e-03
-9.700400000000186651e-02 -2.084951328906509051e-03
-9.600400000000064438e-02 -3.524867008462147320e-03
-9.500400000000297496e-02 -3.731410361829051205e-03
-9.400400000000175282e-02 -2.702554141141654161e-03
-9.300400000000053069e-02 -3.320163625593483374e-03
-9.200400000000286127e-02 -3.113335654697179343e-03
-9.100400000000163914e-02 -2.908545285701538610e-03
-9.000400000000041700e-02 -3.113856579228559997e-03
-8.900400000000274758e-02 -3.320516865651314438e-03
-8.800400000000152545e-02 -3.731768980797759740e-03
-8.700400000000030332e-02 -3.731958544952664221e-03
-8.600400000000263390e-02 -2.289389173656162981e-03
-8.500400000000141176e-02 -4.143383310321505954e-03
-8.400400000000018963e-02 -2.084201529195445213e-03
-8.300400000000252021e-02 -3.113209701095172831e-03
-8.200400000000129808e-02 -3.319258971669366339e-03
-8.100400000000007594e-02 -2.907757172058030547e-03
-8.000400000000240652e-02 -3.526800065376154650e-03
-7.900300000000015643e-02 -3.113735486209719908e-03
-7.800300000000248701e-02 -3.525835291142051606e-03
-7.700300000000126488e-02 -4.143385353730976231e-03
-7.600300000000004275e-02 -3.525115503714011146e-03
-7.500300000000237333e-02 -3.113597874217513550e-03
-7.400300000000115119e-02 -3.319345489961229162e-03
-7.300299999999992906e-02 -2.084762646022112528e-03
-7.200300000000225964e-02 -2.084201529195445213e-03
-7.100300000000103751e-02 -1.878394887244537416e-03
-7.000299999999981537e-02 -3.731720222565010261e-03
-6.900300000000214595e-02 -4.347913617392978880e-03
-6.800300000000092382e-02 -3.937167064238912030e-03
-6.700299999999970169e-02 -3.320079964128670649e-03
-6.600300000000203227e-02 -3.113278690558948705e-03
-6.500300000000081013e-02 -3.113256292549882766e-03
-6.400299999999958800e-02 -3.319141223972841420e-03
-6.300300000000191858e-02 -3.526064460202354284e-03
-6.200300000000069645e-02 -3.937615339978194247e-03
-6.100300000000302703e-02 -2.496117000911676070e-03
-6.000300000000180489e-02 -3.113382246151889278e-03
-5.900199999999955480e-02 -2.291298375409336202e-03
-5.800200000000188538e-02 -3.320030048011796651e-03
-5.700200000000066325e-02 -4.143321141826293921e-03
-5.600200000000299383e-02 -3.320561329342303948e-03
-5.500200000000177170e-02 -2.907552906069642805e-03
-5.400200000000054956e-02 -4.555591870428003440e-03
-5.300200000000288014e-02 -3.937167064238912030e-03
-5.200200000000165801e-02 -2.497428470848662898e-03
-5.100200000000043588e-02 -2.496799233091261637e-03
-5.000200000000276646e-02 -2.907086107909656603e-03
-4.900200000000154432e-02 -3.113874094848039561e-03
-4.800200000000032219e-02 -4.349029443714197245e-03
-4.700200000000265277e-02 -2.083804006617519331e-03
-4.600200000000143064e-02 -3.526099677440425358e-03
-4.500200000000020850e-02 -4.144737681470573448e-03
-4.400200000000253908e-02 -2.495597396629029106e-03
-4.300200000000131695e-02 -2.290064062609337928e-03
-4.200200000000009481e-02 -3.114189345852314082e-03
-4.100200000000242539e-02 -3.319318297998830828e-03
-4.000200000000120326e-02 -2.907462085351457219e-03
-3.900100000000250589e-02 -3.114953302370430076e-03
-3.800100000000128375e-02 -2.703154255337968798e-03
-3.700100000000006162e-02 -3.115257675679357265e-03
-3.600100000000239220e-02 -1.878611926270216861e-03
-3.500100000000117006e-02 -2.907792643226660926e-03
-3.400099999999994793e-02 -2.907027701713740028e-03
-3.300100000000227851e-02 -2.907823066511399605e-03
-3.200100000000105638e-02 -2.496231918581853174e-03
-3.100099999999983424e-02 -2.496419953389087017e-03
-3.000100000000216482e-02 -2.496515303076545563e-03
-2.900100000000094269e-02 -3.319267177574847932e-03
-2.800099999999972056e-02 -3.731768980797759740e-03
-2.700100000000205114e-02 -3.937511784385254107e-03
-2.600100000000082900e-02 -3.732343415131482520e-03
-2.500099999999960687e-02 -3.526699354980707048e-03
-2.400100000000193745e-02 -3.320635991711425820e-03
-2.300100000000071532e-02 -2.289994241079565222e-03
-2.200099999999949318e-02 -3.320776048980762698e-03
-2.100100000000182376e-02 -3.526308945086019560e-03
-2.000100000000060163e-02 -3.937602605103439693e-03
-1.900000000000190425e-02 -2.907792643226660926e-03
-1.800000000000068212e-02 -2.495973108077933177e-03
-1.700000000000301270e-02 -2.702154717905395302e-03
-1.600000000000179057e-02 -2.702150513628836462e-03
-1.500000000000056843e-02 -2.290218376012902353e-03
-1.400000000000289901e-02 -2.702931585824319173e-03
-1.300000000000167688e-02 -3.113256292549882766e-03
-1.200000000000045475e-02 -3.937634815983070795e-03
-1.100000000000278533e-02 -3.113767697089351444e-03
-1.000000000000156319e-02 -2.497790703428853093e-03
-9.000000000000341061e-03 -2.701265893866439637e-03
-8.000000000002671641e-03 -2.084816278924847381e-03
-7.000000000001449507e-03 -2.702119113276503417e-03
-6.000000000000227374e-03 -2.909062713926519918e-03
-5.000000000002557954e-03 -2.701649155913016850e-03
-4.000000000001335820e-03 -1.055152426671268585e-03
-3.000000000000113687e-03 -2.496940658903277870e-03
-2.000000000002444267e-03 -2.701301917224434128e-03
-1.000000000001222134e-03 -2.495778431764787697e-03
0.000000000000000000e+00 -3.319693534769735301e-03
1.000999999998697376e-03 -2.702080244721015954e-03
2.000999999999919510e-03 -1.672224755860930636e-03
3.000999999997588930e-03 -2.083825837871929043e-03
4.000999999998811063e-03 -3.731482675954991141e-03
5.001000000000033197e-03 -1.879146551955256832e-03
6.000999999997702616e-03 -3.526789296196961715e-03
7.000999999998924750e-03 -5.586490928219166839e-03
8.001000000000146883e-03 -4.143898885707444045e-03
9.000999999997816303e-03 -1.878823850271650565e-03
1.000099999999903844e-02 2.855109935635063989e-03
1.100100000000026057e-02 7.177124947512431366e-03
1.200099999999792999e-02 1.314076995193684018e-02
1.300099999999915212e-02 2.342019575563162453e-02
1.400100000000037426e-02 3.801216820515798678e-02
1.500099999999804368e-02 6.062413358845586409e-02
1.600099999999926581e-02 8.595038179959860192e-02
1.700100000000048794e-02 1.115743177900799799e-01
1.800099999999815736e-02 1.365060035002143290e-01
1.900099999999937950e-02 1.643436593886772878e-01
2.000099999999704892e-02 2.001193848983681411e-01
2.100199999999929901e-02 2.445279059911005803e-01
2.200200000000052114e-02 2.924956596379912899e-01
2.300199999999819056e-02 3.431471660538697455e-01
2.400199999999941269e-02 3.884864012813670775e-01
2.500199999999708211e-02 4.369845301233448720e-01
2.600199999999830425e-02 4.781287903210363344e-01
2.700199999999952638e-02 5.218437751802447178e-01
2.800199999999719580e-02 5.675274043021060200e-01
2.900199999999841793e-02 6.070215329663949388e-01
3.000199999999964007e-02 6.297688234042125854e-01
3.100199999999730949e-02 6.142340351247879138e-01
3.200199999999853162e-02 6.268088417133982349e-01
3.300199999999975375e-02 6.124943320429233617e-01
3.400199999999742317e-02 6.194629807646798714e-01
3.500199999999864531e-02 6.247455938163145595e-01
3.600199999999986744e-02 6.538960684016753566e-01
3.700199999999753686e-02 6.650609903568047709e-01
3.800199999999875899e-02 6.587087978828807255e-01
3.900199999999998113e-02 6.460588192853981004e-01
4.000199999999765055e-02 6.362476746696021923e-01
4.100299999999990064e-02 6.377318923683779062e-01
4.200299999999757006e-02 6.430942288558292308e-01
4.300299999999879219e-02 6.454662849819075010e-01
4.400300000000001432e-02 6.347464870003453052e-01
4.500299999999768374e-02 6.145128113221810517e-01
4.600299999999890588e-02 5.804020672833017924e-01
4.700300000000012801e-02 5.492047226600409449e-01
4.800299999999779743e-02 5.215249837451497728e-01
4.900299999999901956e-02 4.931627179164939645e-01
5.000300000000024170e-02 4.647155151345181423e-01
5.100299999999791112e-02 4.359297121495558369e-01
5.200299999999913325e-02 3.925330161966254505e-01
5.300300000000035539e-02 3.561685927127284934e-01
5.400299999999802480e-02 3.403236273607029294e-01
5.500299999999924694e-02 3.274120921893816094e-01
5.600300000000046907e-02 3.159746655806309756e-01
5.700299999999813849e-02 3.053037140116026671e-01
5.800299999999936063e-02 2.875345130927913773e-01
5.900299999999703005e-02 2.549939728223183377e-01
6.000299999999825218e-02 2.185201598156137348e-01
6.100400000000050227e-02 1.867070795314749732e-01
6.200399999999817169e-02 1.634894120020125019e-01
6.300399999999939382e-02 1.454680881042579865e-01
6.400399999999706324e-02 1.269252904765684475e-01
6.500399999999828538e-02 1.123995128230804441e-01
6.600399999999950751e-02 9.709334779293322948e-02
6.700399999999717693e-02 8.409324167392177862e-02
6.800399999999839906e-02 7.543999807592353946e-02
6.900399999999962120e-02 6.782378239848189938e-02
7.000399999999729062e-02 6.206321215351373599e-02
7.100399999999851275e-02 5.836099448056467770e-02
7.200399999999973488e-02 5.301553957801950073e-02
7.300399999999740430e-02 4.993220713335007332e-02
7.400399999999862644e-02 4.479399994045533961e-02
7.500399999999984857e-02 4.315043997304240236e-02
7.600399999999751799e-02 3.965561189857239738e-02
7.700399999999874012e-02 3.760152044472948180e-02
7.800399999999996226e-02 3.513596943385222104e-02
7.900399999999763168e-02 3.164207941479176001e-02
8.000399999999885381e-02 3.123223044919081620e-02
8.100499999999755119e-02 3.061457634918258661e-02
8.200499999999877332e-02 2.938259896772528815e-02
8.300499999999999545e-02 2.732666963998349810e-02
8.400499999999766487e-02 2.547684487089969460e-02
8.500499999999888701e-02 2.383314021536829183e-02
8.600500000000010914e-02 2.095442549399422622e-02
8.700499999999777856e-02 2.033728685561480773e-02
8.800499999999900069e-02 2.116053131538227564e-02
8.900500000000022283e-02 1.972111358156342434e-02
9.000499999999789225e-02 1.725462272491027141e-02
9.100499999999911438e-02 1.828263852395203143e-02
9.200500000000033651e-02 1.910411238945314977e-02
9.300499999999800593e-02 1.828252807607802857e-02
9.400499999999922807e-02 1.725384607595032566e-02
9.500500000000045020e-02 1.499156999992932657e-02
9.600499999999811962e-02 1.396485417148414510e-02
9.700499999999934175e-02 1.334795095893411346e-02
9.800499999999701117e-02 1.293681920247378991e-02
9.900499999999823331e-02 1.293698204187944054e-02
1.000049999999994554e-01 1.231959247692863794e-02
1.010059999999981528e-01 1.005657799175989006e-02
1.020059999999993749e-01 9.646181825212542596e-03
1.030059999999970444e-01 8.410523557787897078e-03
1.040059999999982665e-01 9.643792919567694549e-03
1.050059999999994886e-01 1.046921208350535572e-02
1.060059999999971581e-01 8.616991246310382740e-03
1.070059999999983802e-01 6.766355751028657606e-03
1.080059999999996023e-01 6.149460478109766010e-03
1.090059999999972717e-01 6.971894397919692170e-03
1.100059999999984939e-01 6.148725563361672267e-03
1.110059999999997160e-01 7.588697601528487761e-03
1.120059999999973854e-01 4.914402014896736628e-03
1.130059999999986076e-01 5.532157247265035056e-03
1.140059999999998297e-01 6.353099334278866812e-03
1.150059999999974991e-01 5.531762493139076413e-03
1.160059999999987213e-01 5.530461692168772356e-03
1.170059999999999434e-01 4.708059450311411973e-03
1.180059999999976128e-01 4.091221059359165073e-03
1.190059999999988349e-01 3.679118261386326964e-03
1.200060000000000571e-01 3.884914673525328987e-03
1.210069999999987544e-01 4.296827717788359591e-03
1.220069999999999766e-01 4.091240615202483034e-03
1.230069999999976460e-01 3.266951776037451023e-03
1.240069999999988681e-01 1.415714106505731092e-03
1.250070000000000903e-01 2.444559825409234246e-03
1.260069999999977597e-01 2.650293742917868896e-03
1.270069999999989818e-01 2.856855679621542795e-03
1.280070000000002040e-01 7.979170827222221768e-04
1.290069999999978734e-01 1.004482373982678494e-03
1.300069999999990955e-01 -8.493438988632403663e-04
1.310070000000003176e-01 3.863344256492845410e-04
1.320069999999979871e-01 1.798289401829640478e-04
1.330069999999992092e-01 -4.371989064942197190e-04
1.340070000000004313e-01 1.210777324853126074e-03
1.350069999999981007e-01 1.809238720388649355e-04
1.360069999999993229e-01 -2.323281992432355057e-04
1.370069999999969923e-01 1.800002782281075295e-04
1.380069999999982144e-01 1.004291480094216590e-03
1.390069999999994366e-01 -2.314126615602839167e-04
1.400069999999971060e-01 -2.315307372520509946e-04
1.410079999999993561e-01 -6.436030269145985583e-04
1.420079999999970255e-01 1.210009585910325853e-03
1.430079999999982476e-01 7.982881859009950893e-04
1.440079999999994698e-01 1.004482373982678494e-03
1.450079999999971392e-01 1.798834300049796610e-04
1.460079999999983613e-01 -4.366975086815459922e-04
1.470079999999995835e-01 -6.429666424100178917e-04
1.480079999999972529e-01 -8.484903514579346167e-04
1.490079999999984750e-01 -2.610153781377466811e-05
1.500079999999996971e-01 1.415096522257775023e-03
1.510079999999973666e-01 -8.477078931792648769e-04
1.520079999999985887e-01 -1.259958718978209475e-03
1.530079999999998108e-01 -1.055421965237164032e-03
1.540079999999974802e-01 3.855246419265184960e-04
1.550079999999987024e-01 -2.580495276274519313e-05
1.560079999999999245e-01 -2.083779246417219542e-03
1.570079999999975939e-01 -6.429666424100178917e-04
1.580079999999988161e-01 -8.485256559859905012e-04
1.590080000000000382e-01 -1.673083845685537779e-03
1.600079999999977076e-01 -2.082846193114788226e-03
1.610089999999999577e-01 -2.495168646900618875e-03
1.620089999999976271e-01 -1.671599456879220612e-03
1.630089999999988493e-01 -1.055410591020525170e-03
1.640090000000000714e-01 -2.315307372520509946e-04
1.650089999999977408e-01 -1.877771313228889741e-03
1.660089999999989629e-01 -2.084342291852586682e-03
1.670090000000001851e-01 -3.731572437708594037e-03
1.680089999999978545e-01 -2.702728680494047124e-03
1.690089999999990766e-01 -3.112928119756658198e-03
1.700090000000002988e-01 -2.700847476823196088e-03
1.710089999999979682e-01 -4.349633420571995084e-03
1.720089999999991903e-01 -2.907333321582105355e-03
1.730090000000004125e-01 -3.936917695945984716e-03
1.740089999999980819e-01 -2.496135335859686437e-03
1.750089999999993040e-01 -2.494949234057316275e-03
1.760089999999969734e-01 -1.673144306130167763e-03
1.770089999999981956e-01 -1.877915773423141687e-03
1.780089999999994177e-01 -3.319222948311371848e-03
1.790089999999970871e-01 -3.319890370141320192e-03
1.800089999999983092e-01 -8.485641978862257457e-04
1.810099999999970066e-01 -6.435599317662881857e-04
1.820099999999982288e-01 -2.700763477073574344e-03
1.830099999999994509e-01 -2.907596001217953394e-03
1.840099999999971203e-01 -4.143816815364504032e-03
1.850099999999983424e-01 -2.906821756564365814e-03
1.860099999999995646e-01 -1.466617556769946691e-03
1.870099999999972340e-01 -1.672334928592759257e-03
1.880099999999984561e-01 -3.319989143410485063e-03
1.890099999999996783e-01 -2.702081524165060589e-03
1.900099999999973477e-01 -3.731432759838117143e-03
1.910099999999985698e-01 -2.316013649017470367e-04
1.920099999999997920e-01 -1.261207003159527194e-03
1.930099999999974614e-01 -2.307353724543916072e-04
1.940099999999986835e-01 -8.489554303881478425e-04
1.950099999999999056e-01 -1.466175485286737344e-03
1.960099999999975751e-01 -2.580144988301447050e-05
1.970099999999987972e-01 1.802827484859166715e-04
1.980100000000000193e-01 3.860303642296322832e-04
1.990099999999976887e-01 -2.289329847326698926e-03
2.000099999999989109e-01 -2.495077463070414538e-03
2.010109999999976083e-01 -2.290510261765828139e-03
2.020109999999988304e-01 -8.494082579054512911e-04
2.030110000000000525e-01 -1.672454054652870638e-03
2.040109999999977219e-01 -2.906699214914508500e-03
2.050109999999989441e-01 -2.700847476823196088e-03
2.060110000000001662e-01 -3.525616154630625658e-03
2.070109999999978356e-01 -1.260838562990162321e-03
2.080109999999990578e-01 -1.879134723699017783e-03
2.090110000000002799e-01 -2.495268909829797578e-03
2.100109999999979493e-01 -4.348692751009484124e-03
2.110109999999991715e-01 -4.967593799679091357e-03
2.120110000000003936e-01 -2.908196300634096655e-03
2.130109999999980630e-01 -2.702728680494047124e-03
2.140109999999992851e-01 -3.114534569155222917e-03
2.150110000000005073e-01 -3.731173576508668883e-03
2.160109999999981767e-01 -3.730614624205862932e-03
2.170109999999993988e-01 -3.731363770374341270e-03
2.180109999999970682e-01 -3.524867008462147320e-03
2.190109999999982904e-01 -4.348753683199185066e-03
2.200109999999995125e-01 -2.701782892316861254e-03
2.210119999999982099e-01 -3.319783972382631641e-03
2.220119999999994320e-01 -3.524970564055087460e-03
2.230119999999971014e-01 -5.173207499556311227e-03
2.240119999999983236e-01 -4.761413469408138158e-03
2.250119999999995457e-01 -4.555250445111379450e-03
2.260119999999972151e-01 -4.554501298942900678e-03
2.270119999999984373e-01 -5.173322417226488765e-03
2.280119999999996594e-01 -4.554501298942900678e-03
2.290119999999973288e-01 -4.554208835501663208e-03
2.300119999999985509e-01 -3.937175121512986528e-03
2.310119999999997731e-01 -4.555297036566088517e-03
2.320119999999974425e-01 -3.937853111439649882e-03
2.330119999999986646e-01 -4.143488642571279898e-03
2.340119999999998868e-01 -2.701629903103463202e-03
2.350119999999975562e-01 -4.349370740936147478e-03
2.360119999999987783e-01 -3.936917695945984716e-03
2.370120000000000005e-01 -4.966893411743362498e-03
2.380119999999976699e-01 -5.379544350162480601e-03
2.390119999999988920e-01 -3.112950517765724571e-03
2.400120000000001141e-01 -2.907290226433795199e-03
2.410129999999988115e-01 -3.114301430464400111e-03
2.420130000000000337e-01 -3.938176597524537491e-03
2.430129999999977031e-01 -2.083860970755749970e-03
2.440129999999989252e-01 -3.525600577590123127e-03
2.450130000000001473e-01 -3.525805748617976548e-03
2.460129999999978168e-01 -2.496135335859686437e-03
2.470129999999990389e-01 -3.732479596695560068e-03
2.480130000000002610e-01 -2.907621691890781204e-03
2.490129999999979304e-01 -2.290199598018752281e-03
2.500129999999991526e-01 -3.319674281960181654e-03
2.510130000000003747e-01 -2.290434311570680760e-03
2.520129999999980441e-01 -2.083559833573916942e-03
2.530129999999992663e-01 -3.525490887167673140e-03
2.540130000000004884e-01 -3.114385987861021613e-03
2.550129999999981578e-01 -3.319896056994718105e-03
2.560129999999993800e-01 -2.908156652463684492e-03
2.570129999999970494e-01 -3.319783972382631641e-03
2.580129999999982715e-01 -3.112950517765724571e-03
2.590129999999994936e-01 -4.143601861298530989e-03
2.600129999999971631e-01 -4.143623125192431866e-03
2.610139999999994131e-01 -3.937418727801933124e-03
2.620139999999970826e-01 -4.967003102165812485e-03
2.630139999999983047e-01 -1.877915773423141687e-03
2.640139999999995268e-01 -2.701741987715549666e-03
2.650139999999971963e-01 -2.907623594476343824e-03
2.660139999999984184e-01 -2.701265893866439637e-03
2.670139999999996405e-01 -2.906617490575978072e-03
2.680139999999973099e-01 -3.319852961846407515e-03
2.690139999999985321e-01 -3.937211293502387681e-03
2.700139999999997542e-01 -3.318979714847954815e-03
2.710139999999974236e-01 -3.730530624456240753e-03
2.720139999999986458e-01 -3.937377017590540720e-03
2.730139999999998679e-01 -4.761076806535870579e-03
2.740139999999975373e-01 -3.731279770624719525e-03
2.750139999999987594e-01 -4.555145949938253953e-03
2.760139999999999816e-01 -4.760459748798908167e-03
2.770139999999976510e-01 -2.290002583184516053e-03
2.780139999999988731e-01 -3.730732371902387851e-03
2.790140000000000953e-01 -2.700929201161726516e-03
2.800139999999977647e-01 -4.142843991575926622e-03
2.810150000000000148e-01 -3.319440839648688142e-03
2.820149999999976842e-01 -3.113458196347036657e-03
2.830149999999989063e-01 -2.290218671365654157e-03
2.840150000000001285e-01 -2.497114980616827688e-03
2.850149999999977979e-01 -2.084762646022112528e-03
2.860149999999990200e-01 -3.113458196347036657e-03
2.870150000000002422e-01 -2.907688182594255107e-03
2.880149999999979116e-01 -3.318964137807452284e-03
2.890149999999991337e-01 -2.700803247559720004e-03
2.900150000000003558e-01 -8.495061200716622291e-04
2.910149999999980253e-01 -1.260059429373656861e-03
2.920149999999992474e-01 -1.466360081491080479e-03
2.930150000000004695e-01 -8.486291242889458302e-04
2.940149999999981389e-01 -1.466543083585567561e-03
2.950149999999993611e-01 -6.423180295273292701e-04
2.960149999999970305e-01 -2.310207739522819495e-04
2.970149999999982526e-01 -1.054764253548928082e-03
2.980149999999994748e-01 -8.496600397575881924e-04
2.990149999999971442e-01 -1.466809087883579662e-03
3.000149999999983663e-01 -1.055188809412657648e-03
3.010159999999970637e-01 -8.499097475844798188e-04
3.020159999999982858e-01 -4.375650688266008339e-04
3.030159999999995080e-01 -1.878445843440188640e-03
3.040159999999971774e-01 -2.083786497571371056e-03
3.050159999999983995e-01 -4.367896535898981134e-04
3.060159999999996217e-01 -1.467015538355477501e-03
3.070159999999972911e-01 -8.487051552007469479e-04
3.080159999999985132e-01 -1.261023749568159717e-03
3.090159999999997353e-01 -6.428815085452302186e-04
3.100159999999974048e-01 -4.374144738028392038e-04
3.110159999999986269e-01 -8.493651627571409185e-04
3.120159999999998490e-01 -1.261340919026022935e-03
3.130159999999975184e-01 -1.261083303394273979e-03
3.140159999999987406e-01 -1.672572280667798022e-03
3.150159999999999627e-01 -2.084697152864735999e-03
3.160159999999976321e-01 -2.496214782361233595e-03
3.170159999999988543e-01 -1.878891921873883375e-03
3.180160000000000764e-01 -3.112573570011308542e-03
3.190159999999977458e-01 -2.084288853607231453e-03
3.200159999999989680e-01 -3.731370591342905111e-03
3.210169999999976653e-01 -3.114098525134128496e-03
3.220169999999988875e-01 -2.496122600984931883e-03
3.230170000000001096e-01 -2.701818025200682181e-03
3.240169999999977790e-01 -1.877915773423141687e-03
3.250169999999990011e-01 -2.495159187408944965e-03
3.260170000000002233e-01 -3.525843156912888791e-03
3.270169999999978927e-01 -2.908484825256908626e-03
3.280169999999991148e-01 -3.524620932832982310e-03
3.290170000000003370e-01 -2.907784437321179333e-03
3.300169999999980064e-01 -3.731659762120380277e-03
3.310169999999992285e-01 -4.761244136484260071e-03
3.320170000000004507e-01 -4.142950389334614306e-03
3.330169999999981201e-01 -3.937853111439649882e-03
3.340169999999993422e-01 -3.731419448495196418e-03
3.350169999999970116e-01 -4.144533780485797243e-03
3.360169999999982338e-01 -1.878060713082065156e-03
3.370169999999994559e-01 -3.731216671656979039e-03
3.380169999999971253e-01 -2.496683252230662980e-03
3.390169999999983474e-01 -2.907267828424728827e-03
3.400169999999995696e-01 -3.730437538040473795e-03
3.410179999999982670e-01 -4.761777194471600305e-03
3.420179999999994891e-01 -2.907565640944397792e-03
3.430179999999971585e-01 -3.114185849545914736e-03
3.440179999999983806e-01 -3.732196316414119856e-03
3.450179999999996028e-01 -3.319677778266581000e-03
3.460179999999972722e-01 -4.761244136484260071e-03
3.470179999999984943e-01 -3.937027386368434703e-03
3.480179999999997165e-01 -3.937500464279862847e-03
3.490179999999973859e-01 -4.143669716647141801e-03
3.500179999999986080e-01 -3.319896056994718105e-03
3.510179999999998302e-01 -4.555493994746759659e-03
3.520179999999974996e-01 -3.525446657904197055e-03
3.530179999999987217e-01 -2.496009382257679925e-03
3.540179999999999438e-01 -3.525490887167673140e-03
3.550179999999976133e-01 -4.349283416524360804e-03
3.560179999999988354e-01 -4.143762803062908326e-03
3.570180000000000575e-01 -3.936160960338545844e-03
3.580179999999977269e-01 -4.555354518352964024e-03
3.590179999999989491e-01 -3.937831847545749872e-03
3.600180000000001712e-01 -4.556054906288693751e-03
3.610189999999988686e-01 -3.937167064238912030e-03
3.620190000000000907e-01 -4.350259564975102709e-03
3.630189999999977601e-01 -4.554550057175649723e-03
3.640189999999989823e-01 -3.937897340703126400e-03
3.650190000000002044e-01 -4.142761894411867499e-03
3.660189999999978738e-01 -4.143116427428774305e-03
3.670189999999990960e-01 -4.349324149481437543e-03
3.680190000000003181e-01 -3.318964137807452284e-03
3.690189999999979875e-01 -3.525561575574374159e-03
3.700189999999992096e-01 -4.761067050318870501e-03
3.710190000000004318e-01 -3.319630052696706003e-03
3.720189999999981012e-01 -3.526310721742852931e-03
3.730189999999993233e-01 -3.524643330842048249e-03
3.740189999999969928e-01 -4.143466811316869752e-03
3.750189999999982149e-01 -2.496135335859686437e-03
3.760189999999994370e-01 -3.318807855930292795e-03
3.770189999999971064e-01 -4.966954343933063440e-03
3.780189999999983286e-01 -3.113475332567656236e-03
3.790189999999995507e-01 -3.319630052696706003e-03
3.800189999999972201e-01 -3.938126163759018625e-03
3.810199999999994702e-01 -4.761028048303121533e-03
3.820199999999971396e-01 -4.143554135728656426e-03
3.830199999999983618e-01 -4.555450025779487003e-03
3.840199999999995839e-01 -3.113458196347036657e-03
3.850199999999972533e-01 -3.524620932832982310e-03
3.860199999999984755e-01 -4.143738042862608537e-03
3.870199999999996976e-01 -2.496092240711376281e-03
3.880199999999973670e-01 -2.701629903103463202e-03
3.890199999999985891e-01 -3.113187303086106892e-03
3.900199999999998113e-01 -3.319278999257755693e-03
3.910199999999974807e-01 -2.701908845918867767e-03
3.920199999999987028e-01 -3.318957316838888442e-03
3.930199999999999250e-01 -4.142983669446403082e-03
3.940199999999975944e-01 -3.525706975348811244e-03
3.950199999999988165e-01 -2.083651017404121279e-03
3.960200000000000387e-01 -1.878282488116601173e-03
3.970199999999977081e-01 -3.114189345852314082e-03
3.980199999999989302e-01 -1.054990236850999324e-03
3.990200000000001523e-01 -3.114858585403731863e-03
4.000199999999978218e-01 -2.495966287109369769e-03
4.010210000000000719e-01 -4.373382628059113708e-04
4.020209999999977413e-01 -2.316554633854182974e-04
4.030209999999989634e-01 -2.908331836043511007e-03
4.040210000000001855e-01 -1.879090494435541698e-03
4.050209999999978550e-01 -2.701786216979025317e-03
4.060209999999990771e-01 -1.260782081858191021e-03
4.070210000000002992e-01 -1.467519232036309466e-03
4.080209999999979686e-01 -1.261912573607114948e-03
4.090209999999991908e-01 -2.290265091176128809e-03
4.100210000000004129e-01 -2.496081696383620294e-03
4.110209999999980823e-01 -6.435324911312573443e-04
4.120209999999993045e-01 -1.261912573607114948e-03
4.130209999999969739e-01 -1.261276559983812119e-03
4.140209999999981960e-01 -1.054356042893417333e-03
4.150209999999994182e-01 -1.260625088019895436e-03
4.160209999999970876e-01 -1.260737852594714936e-03
4.170209999999983097e-01 -2.289761575712863199e-03
4.180209999999995318e-01 -6.416043890682003375e-04
4.190209999999972013e-01 -2.083663955921513742e-03
4.200209999999984234e-01 -1.467110932778804919e-03
4.210219999999971208e-01 -2.909107042109537831e-03
4.220219999999983429e-01 -1.466679725265158940e-03
4.230219999999995650e-01 -2.084708527081374860e-03
4.240219999999972345e-01 -1.878789205043356709e-03
4.250219999999984566e-01 -1.260103658637132945e-03
4.260219999999996787e-01 -3.114280166570499667e-03
4.270219999999973481e-01 -2.289761575712863199e-03
4.280219999999985703e-01 -2.290478540834156411e-03
4.290219999999997924e-01 -1.879176539403283521e-03
4.300219999999974618e-01 -1.673266847780025077e-03
4.310219999999986840e-01 -2.290497410538420812e-03
4.320219999999999061e-01 -2.496232291407381870e-03
4.330219999999975755e-01 -2.495772596937297604e-03
4.340219999999987976e-01 -1.878060713082065156e-03
4.350220000000000198e-01 -3.524689922296758184e-03
4.360219999999976892e-01 -1.879202579047627945e-03
4.370219999999989113e-01 -1.673378932392111107e-03
4.380220000000001335e-01 -2.701265893866439637e-03
4.390219999999978029e-01 -3.113349378965649724e-03
4.400219999999990250e-01 -3.318873317089266698e-03
4.410229999999977224e-01 -2.290322226958594297e-03
4.420229999999989445e-01 -2.701497814671947276e-03
4.430230000000001667e-01 -2.701736300862151753e-03
4.440229999999978361e-01 -2.700929201161726516e-03
4.450229999999990582e-01 -3.318873317089266698e-03
4.460230000000002804e-01 -3.319003908293598377e-03
4.470229999999979498e-01 -2.289285618063222841e-03
4.480229999999991719e-01 -2.701818025200682181e-03
4.490230000000003940e-01 -2.701497814671947276e-03
4.500229999999980635e-01 -2.907355687592769102e-03
4.510229999999992856e-01 -2.907757172058030547e-03
4.520230000000005077e-01 -2.907446508310954688e-03
4.530229999999981771e-01 -2.907623594476343824e-03
4.540229999999993993e-01 -2.701692071598675669e-03
4.550229999999970687e-01 -2.907565640944397792e-03
4.560229999999982908e-01 -2.906573261312501988e-03
4.570229999999995130e-01 -3.113448053315272766e-03
4.580229999999971824e-01 -3.936207551793255779e-03
4.590229999999984045e-01 -2.702283349870598841e-03
4.600229999999996267e-01 -4.143554135728656426e-03
4.610239999999983240e-01 -2.083949852894958522e-03
4.620239999999995462e-01 -3.113973257671175977e-03
4.630239999999972156e-01 -4.555606079358846122e-03
4.640239999999984377e-01 -3.731104587044893010e-03
4.650239999999996598e-01 -4.142734301153476635e-03
4.660239999999973293e-01 -3.936921192252384495e-03
4.670239999999985514e-01 -4.143885804828279472e-03
4.680239999999997735e-01 -3.524867008462147320e-03
4.690239999999974430e-01 -4.143557632035055338e-03
4.700239999999986651e-01 -3.937853111439649882e-03
4.710239999999998872e-01 -4.141977565546036896e-03
4.720239999999975566e-01 -3.318873317089266698e-03
4.730239999999987788e-01 -4.554984440813367348e-03
4.740240000000000009e-01 -3.937943932157835468e-03
4.750239999999976703e-01 -3.319236573660300400e-03
4.760239999999988925e-01 -3.937027386368434703e-03
4.770240000000001146e-01 -5.378554013940054640e-03
4.780239999999977840e-01 -3.731607003837758736e-03
4.790239999999990061e-01 -3.319783972382631641e-03
4.800240000000002283e-01 -2.700719247810098259e-03
4.810249999999989257e-01 -3.937352920638548769e-03
4.820250000000001478e-01 -3.937831847545749872e-03
4.830249999999978172e-01 -1.672313097338349545e-03
4.840249999999990393e-01 -2.701692071598675669e-03
4.850250000000002615e-01 -3.113597874217513550e-03
4.860249999999979309e-01 -2.907565640944397792e-03
4.870249999999991530e-01 -3.525400066449487554e-03
4.880250000000003752e-01 -3.320142132623883115e-03
4.890249999999980446e-01 -2.084604971488434287e-03
4.900249999999992667e-01 -2.289411571665229354e-03
4.910250000000004889e-01 -3.319267177574847932e-03
4.920249999999981583e-01 -2.496069842702309909e-03
4.930249999999993804e-01 -1.673144306130167763e-03
4.940249999999970498e-01 -1.261430873387376543e-03
4.950249999999982720e-01 -1.672583654884436666e-03
4.960249999999994941e-01 -1.672471570272350636e-03
4.970249999999971635e-01 -2.289374076590174577e-03
4.980249999999983856e-01 -2.702840765106133587e-03
4.990249999999996078e-01 -8.501165349173840863e-04
